1854.259369	11.54	7263.827769	5409.56840	1	0	53	54	214	218
1859.478354	11.63	7074.055154	5214.57680	1	0	52	53	210	214
1864.671642	11.72	6887.741942	5023.07030	1	0	51	52	206	210
1869.839103	11.81	6704.894903	4835.05580	1	0	50	51	202	206
1874.980610	11.90	6525.520810	4650.54020	1	0	49	50	198	202
1880.096035	12.00	6349.626435	4469.53040	1	0	48	49	194	198
1885.185247	12.09	6177.218247	4292.03300	1	0	47	48	190	194
1890.248119	12.18	6008.302519	4118.05440	1	0	46	47	186	190
1895.284519	12.28	5842.885519	3947.60100	1	0	45	46	182	186
1900.294320	12.37	5680.973520	3780.67920	1	0	44	45	178	182
1905.277390	12.47	5522.572390	3617.29500	1	0	43	44	174	178
1910.233600	12.56	5367.688000	3457.45440	1	0	42	43	170	174
1915.162819	12.65	5216.326119	3301.16330	1	0	41	42	166	170
1920.064917	12.75	5068.492217	3148.42730	1	0	40	41	162	166
1924.939763	12.85	4924.191863	2999.25210	1	0	39	40	158	162
1929.787225	12.94	4783.430425	2853.64320	1	0	38	39	154	158
1934.607173	13.04	4646.213073	2711.60590	1	0	37	38	150	154
1939.399476	13.13	4512.544776	2573.14530	1	0	36	37	146	150
1944.164002	13.23	4382.430602	2438.26660	1	0	35	36	142	146
1948.900618	13.33	4255.875218	2306.97460	1	0	34	35	138	142
1953.609194	13.43	4132.883494	2179.27430	1	0	33	34	134	138
1958.289597	13.53	4013.459797	2055.17020	1	0	32	33	130	134
1962.941695	13.62	3897.608595	1934.66690	1	0	31	32	126	130
1967.565356	13.72	3785.334156	1817.76880	1	0	30	31	122	126
1972.160446	13.82	3676.640646	1704.48020	1	0	29	30	118	122
1976.726835	13.92	3571.532135	1594.80530	1	0	28	29	114	118
1981.264388	14.03	3470.012288	1488.74790	1	0	27	28	110	114
1985.772973	14.13	3372.085073	1386.31210	1	0	26	27	106	110
1990.252457	14.23	3277.754057	1287.50160	1	0	25	26	102	106
1994.702707	14.34	3187.022607	1192.31990	1	0	24	25	98	102
1999.123589	14.44	3099.894189	1100.77060	1	0	23	24	94	98
2003.514971	14.55	3016.371971	1012.85700	1	0	22	23	90	94
2007.876719	14.66	2936.459019	928.58230	1	0	21	22	86	90
2012.208699	14.77	2860.158399	847.94970	1	0	20	21	82	86
2016.510779	14.88	2787.472679	770.96190	1	0	19	20	78	82
2020.782823	14.99	2718.404723	697.62190	1	0	18	19	74	78
2025.024699	15.11	2652.957099	627.93240	1	0	17	18	70	74
2029.236273	15.23	2591.132073	561.89580	1	0	16	17	66	70
2033.417411	15.35	2532.932011	499.51460	1	0	15	16	62	66
2037.567979	15.47	2478.359179	440.79120	1	0	14	15	58	62
2041.687842	15.61	2427.415342	385.72750	1	0	13	14	54	58
2045.776868	15.75	2380.102468	334.32560	1	0	12	13	50	54
2049.834922	15.89	2336.422422	286.58750	1	0	11	12	46	50
2053.861869	16.05	2296.376669	242.51480	1	0	10	11	42	46
2057.857576	16.22	2259.966776	202.10920	1	0	9	10	38	42
2061.821909	16.41	2227.194109	165.37220	1	0	8	9	34	38
2065.754733	16.63	2198.059733	132.30500	1	0	7	8	30	34
2069.655913	16.89	2172.564813	102.90890	1	0	6	7	26	30
2073.525317	17.20	2150.710317	77.18500	1	0	5	6	22	26
2077.362810	17.62	2132.496910	55.13410	1	0	4	5	18	22
2081.168256	18.23	2117.925456	36.75720	1	0	3	4	14	18
2084.941523	19.25	2106.996423	22.05490	1	0	2	3	10	14
2088.682476	21.50	2099.710076	11.02760	1	0	1	2	6	10
2092.390980	32.43	2096.066880	3.67590	1	0	0	1	2	6
2099.710106	10.93	2099.710106	0.00000	1	0	1	0	6	2
2103.320459	13.19	2106.996359	3.67590	1	0	2	1	10	6
2106.897827	14.20	2117.925427	11.02760	1	0	3	2	14	10
2110.442076	14.81	2132.496976	22.05490	1	0	4	3	18	14
2113.953071	15.22	2150.710271	36.75720	1	0	5	4	22	18
2117.430678	15.54	2172.564778	55.13410	1	0	6	5	26	22
2120.874763	15.79	2198.059763	77.18500	1	0	7	6	30	26
2124.285192	16.01	2227.194092	102.90890	1	0	8	7	34	30
2127.661831	16.19	2259.966831	132.30500	1	0	9	8	38	34
2131.004545	16.36	2296.376745	165.37220	1	0	10	9	42	38
2134.313202	16.51	2336.422402	202.10920	1	0	11	10	46	42
2137.587667	16.66	2380.102467	242.51480	1	0	12	11	50	46
2140.827807	16.79	2427.415307	286.58750	1	0	13	12	54	50
2144.033486	16.91	2478.359086	334.32560	1	0	14	13	58	54
2147.204573	17.04	2532.932073	385.72750	1	0	15	14	62	58
2150.340932	17.15	2591.132132	440.79120	1	0	16	15	66	62
2153.442431	17.26	2652.957031	499.51460	1	0	17	16	70	66
2156.508936	17.37	2718.404736	561.89580	1	0	18	17	74	70
2159.540313	17.48	2787.472713	627.93240	1	0	19	18	78	74
2162.536428	17.58	2860.158328	697.62190	1	0	20	19	82	78
2165.497150	17.68	2936.459050	770.96190	1	0	21	20	86	82
2168.422343	17.78	3016.372043	847.94970	1	0	22	21	90	86
2171.311876	17.88	3099.894176	928.58230	1	0	23	22	94	90
2174.165614	17.97	3187.022614	1012.85700	1	0	24	23	98	94
2176.983424	18.06	3277.754024	1100.77060	1	0	25	24	102	98
2179.765175	18.16	3372.085075	1192.31990	1	0	26	25	106	102
2182.510731	18.25	3470.012331	1287.50160	1	0	27	26	110	106
2185.219962	18.34	3571.532062	1386.31210	1	0	28	27	114	110
2187.892734	18.42	3676.640634	1488.74790	1	0	29	28	118	114
2190.528913	18.51	3785.334213	1594.80530	1	0	30	29	122	118
2193.128369	18.60	3897.608569	1704.48020	1	0	31	30	126	122
2195.690966	18.68	4013.459766	1817.76880	1	0	32	31	130	126
2198.216574	18.76	4132.883474	1934.66690	1	0	33	32	134	130
2200.705061	18.85	4255.875261	2055.17020	1	0	34	33	138	134
2203.156293	18.93	4382.430593	2179.27430	1	0	35	34	142	138
2205.570138	19.01	4512.544738	2306.97460	1	0	36	35	146	142
2207.946465	19.09	4646.213065	2438.26660	1	0	37	36	150	146
2210.285140	19.17	4783.430440	2573.14530	1	0	38	37	154	150
2212.586033	19.25	4924.191933	2711.60590	1	0	39	38	158	154
2214.849010	19.32	5068.492210	2853.64320	1	0	40	39	162	158
2217.073941	19.40	5216.326041	2999.25210	1	0	41	40	166	162
2219.260693	19.47	5367.687993	3148.42730	1	0	42	41	170	166
2221.409134	19.55	5522.572434	3301.16330	1	0	43	42	174	170
2223.519133	19.62	5680.973533	3457.45440	1	0	44	43	178	174
2225.590558	19.69	5842.885558	3617.29500	1	0	45	44	182	178
2227.623278	19.77	6008.302478	3780.67920	1	0	46	45	186	182
2229.617160	19.84	6177.218160	3947.60100	1	0	47	46	190	186
2231.572074	19.91	6349.626474	4118.05440	1	0	48	47	194	190
2233.487889	19.97	6525.520889	4292.03300	1	0	49	48	198	194
2235.364472	20.04	6704.894872	4469.53040	1	0	50	49	202	198
2237.201693	20.11	6887.741893	4650.54020	1	0	51	50	206	202
2238.999420	20.18	7074.055220	4835.05580	1	0	52	51	210	206
2240.757523	20.24	7263.827823	5023.07030	1	0	53	52	214	210
2242.475869	20.31	7457.052669	5214.57680	1	0	54	53	218	214
2244.154329	20.37	7653.722729	5409.56840	1	0	55	54	222	218
