1902.414114	25.42	8312.337714	6409.9236	2	1	1	0	93	95
1907.676341	25.62	8141.061641	6233.3853	2	1	1	0	91	93
1912.910247	25.83	7973.409247	6060.499	2	1	1	0	89	91
1918.11569	26.03	7809.38709	5891.2714	2	1	1	0	87	89
1923.292528	26.23	7649.001528	5725.709	2	1	1	0	85	87
1928.440618	26.44	7492.259018	5563.8184	2	1	1	0	83	85
1933.55982	26.64	7339.16542	5405.6056	2	1	1	0	81	83
1938.649989	26.85	7189.726889	5251.0769	2	1	1	0	79	81
1943.710984	27.05	7043.949184	5100.2382	2	1	1	0	77	79
1948.74266	27.26	6901.83806	4953.0954	2	1	1	0	75	77
1953.744875	27.47	6763.398975	4809.6541	2	1	1	0	73	75
1958.717485	27.68	6628.637485	4669.92	2	1	1	0	71	73
1963.660347	27.89	6497.558647	4533.8983	2	1	1	0	69	71
1968.573316	28.10	6370.167616	4401.5943	2	1	1	0	67	69
1973.456249	28.31	6246.469549	4273.0133	2	1	1	0	65	67
1978.309	28.52	6126.4691	4148.1601	2	1	1	0	63	65
1983.131428	28.73	6010.170928	4027.0395	2	1	1	0	61	63
1987.923384	28.95	5897.579584	3909.6562	2	1	1	0	59	61
1992.684726	29.16	5788.699626	3796.0149	2	1	1	0	57	59
1997.415307	29.38	5683.535107	3686.1198	2	1	1	0	55	57
2002.114985	29.60	5582.090085	3579.9751	2	1	1	0	53	55
2006.783612	29.82	5484.368712	3477.5851	2	1	1	0	51	53
2011.421043	30.05	5390.374743	3378.9537	2	1	1	0	49	51
2016.027134	30.27	5300.111734	3284.0846	2	1	1	0	47	49
2020.601738	30.50	5213.583238	3192.9815	2	1	1	0	45	47
2025.144711	30.73	5130.792611	3105.6479	2	1	1	0	43	45
2029.655904	30.97	5051.743204	3022.0873	2	1	1	0	41	43
2034.135174	31.21	4976.437974	2942.3028	2	1	1	0	39	41
2038.582374	31.45	4904.879874	2866.2975	2	1	1	0	37	39
2042.997357	31.70	4837.071657	2794.0743	2	1	1	0	35	37
2047.379978	31.95	4773.016078	2725.6361	2	1	1	0	33	35
2051.73009	32.21	4712.71559	2660.9855	2	1	1	0	31	33
2056.047547	32.48	4656.172447	2600.1249	2	1	1	0	29	31
2060.332203	32.77	4603.388903	2543.0567	2	1	1	0	27	29
2064.58391	33.06	4554.36701	2489.7831	2	1	1	0	25	27
2068.802522	33.37	4509.108722	2440.3062	2	1	1	0	23	25
2072.987893	33.71	4467.615793	2394.6279	2	1	1	0	21	23
2077.139876	34.08	4429.889776	2352.7499	2	1	1	0	19	21
2081.258324	34.48	4395.932224	2314.6739	2	1	1	0	17	19
2085.34309	34.94	4365.74429	2280.4012	2	1	1	0	15	17
2089.394028	35.48	4339.327428	2249.9334	2	1	1	0	13	15
2093.410991	36.15	4316.682391	2223.2714	2	1	1	0	11	13
2097.393832	37.04	4297.810232	2200.4164	2	1	1	0	9	11
2101.342404	38.31	4282.711604	2181.3692	2	1	1	0	7	9
2105.25656	40.46	4271.38706	2166.1305	2	1	1	0	5	7
2109.136154	45.21	4263.837154	2154.701	2	1	1	0	3	5
2112.981038	68.19	4260.062138	2147.0811	2	1	1	0	1	3
2120.566089	22.98	4263.837189	2143.2711	2	1	1	0	3	1
2124.305963	27.73	4271.387063	2147.0811	2	1	1	0	5	3
2128.01054	29.87	4282.71154	2154.701	2	1	1	0	7	5
2131.679673	31.14	4297.810173	2166.1305	2	1	1	0	9	7
2135.313215	32.02	4316.682415	2181.3692	2	1	1	0	11	9
2138.91102	32.69	4339.32742	2200.4164	2	1	1	0	13	11
2142.47294	33.22	4365.74434	2223.2714	2	1	1	0	15	13
2145.998829	33.68	4395.932229	2249.9334	2	1	1	0	17	15
2149.48854	34.07	4429.88974	2280.4012	2	1	1	0	19	17
2152.941927	34.43	4467.615827	2314.6739	2	1	1	0	21	19
2156.358842	34.75	4509.108742	2352.7499	2	1	1	0	23	21
2159.73914	35.05	4554.36704	2394.6279	2	1	1	0	25	23
2163.082673	35.33	4603.388873	2440.3062	2	1	1	0	27	25
2166.389295	35.60	4656.172395	2489.7831	2	1	1	0	29	27
2169.65886	35.86	4712.71556	2543.0567	2	1	1	0	31	29
2172.891222	36.10	4773.016122	2600.1249	2	1	1	0	33	31
2176.086233	36.34	4837.071733	2660.9855	2	1	1	0	35	33
2179.243748	36.57	4904.879848	2725.6361	2	1	1	0	37	35
2182.36362	36.79	4976.43792	2794.0743	2	1	1	0	39	37
2185.445703	37.01	5051.743203	2866.2975	2	1	1	0	41	39
2188.489851	37.22	5130.792651	2942.3028	2	1	1	0	43	41
2191.495919	37.43	5213.583219	3022.0873	2	1	1	0	45	43
2194.463759	37.63	5300.111659	3105.6479	2	1	1	0	47	45
2197.393227	37.83	5390.374727	3192.9815	2	1	1	0	49	47
2200.284176	38.03	5484.368776	3284.0846	2	1	1	0	51	49
2203.13646	38.22	5582.09016	3378.9537	2	1	1	0	53	51
2205.949934	38.41	5683.535034	3477.5851	2	1	1	0	55	53
2208.724452	38.60	5788.699552	3579.9751	2	1	1	0	57	55
2211.459869	38.79	5897.579669	3686.1198	2	1	1	0	59	57
2214.156039	38.97	6010.170939	3796.0149	2	1	1	0	61	59
2216.812816	39.15	6126.469016	3909.6562	2	1	1	0	63	61
2219.430056	39.33	6246.469556	4027.0395	2	1	1	0	65	63
2222.007612	39.50	6370.167712	4148.1601	2	1	1	0	67	65
2224.545341	39.68	6497.558641	4273.0133	2	1	1	0	69	67
2227.043097	39.85	6628.637397	4401.5943	2	1	1	0	71	69
2229.500734	40.02	6763.399034	4533.8983	2	1	1	0	73	71
2231.918108	40.18	6901.838108	4669.92	2	1	1	0	75	73
2234.295073	40.35	7043.949173	4809.6541	2	1	1	0	77	75
2236.631486	40.51	7189.726886	4953.0954	2	1	1	0	79	77
2238.9272	40.67	7339.1654	5100.2382	2	1	1	0	81	79
2241.182072	40.83	7492.258972	5251.0769	2	1	1	0	83	81
2243.395957	40.98	7649.001557	5405.6056	2	1	1	0	85	83
2245.56871	41.14	7809.38711	5563.8184	2	1	1	0	87	85
2247.700187	41.29	7973.409187	5725.709	2	1	1	0	89	87
2249.790242	41.44	8141.061642	5891.2714	2	1	1	0	91	89

